共21步
初始状态
1 0 2 
4 5 6 
3 7 8 
第1步
1 5 2 
4 0 6 
3 7 8 
第2步
1 5 2 
4 7 6 
3 0 8 
第3步
1 5 2 
4 7 6 
0 3 8 
第4步
1 5 2 
0 7 6 
4 3 8 
第5步
1 5 2 
7 0 6 
4 3 8 
第6步
1 5 2 
7 3 6 
4 0 8 
第7步
1 5 2 
7 3 6 
4 8 0 
第8步
1 5 2 
7 3 0 
4 8 6 
第9步
1 5 2 
7 0 3 
4 8 6 
第10步
1 0 2 
7 5 3 
4 8 6 
第11步
1 2 0 
7 5 3 
4 8 6 
第12步
1 2 3 
7 5 0 
4 8 6 
第13步
1 2 3 
7 0 5 
4 8 6 
第14步
1 2 3 
7 8 5 
4 0 6 
第15步
1 2 3 
7 8 5 
0 4 6 
第16步
1 2 3 
0 8 5 
7 4 6 
第17步
1 2 3 
8 0 5 
7 4 6 
第18步
1 2 3 
8 4 5 
7 0 6 
第19步
1 2 3 
8 4 5 
7 6 0 
第20步
1 2 3 
8 4 0 
7 6 5 
目标状态
1 2 3 
8 0 4 
7 6 5 

